0 19 jlpnew_final_11 code
50010714 50010712         7.33085785
50010714 50010713         6.42296986
50010714 50010711         6.15396665
50010714 50010710         5.63879649
50010710 50010706         7.74072318
50010710 50010709         6.68110518
50010710 50010711           3.408088
50010710 50010714         5.63879649
50010711 50010706         6.35479452
50010711 50010716         6.17818282
50010711 50010710           3.408088
50010711 50010714         6.15396665
50010709 50010711         8.40691041
50010709 50010706         6.68680371
50010709 50010710         6.68110518
50010709 50010708         5.62544722
50010706 50010709         6.68680371
50010706 50010716         6.65769975
50010706 50010707         5.28414895
50010706 50010711         6.35479452
50010716 50010719         7.65375861
50010716 50010711         6.17818282
50010716 50010706         6.65769975
50010716 50010705         3.65047154
50010705 50010715         5.27811076
50010705 50010717         5.14372809
50010705 50010719         4.00908302
50010705 50010716         3.65047154
50010708 50010710         11.7737963
50010708 50010706         7.56439586
50010708 50010707         7.36083144
50010708 50010709         5.62544722
50010707 50010717         8.99185641
50010707 50010708         7.36083144
50010707 50010705         8.81782252
50010707 50010706         5.28414895
50010718 50010703         3.51633353
50010718 50010719          3.0727908
50010718 50010704         2.37675268
50010718 50010717         2.46845836
50010703 50010715          3.5241305
50010703 50010718         3.51633353
50010703 50010701         2.02594938
50010703 50010704         2.18134082
50010715 50010703          3.5241305
50010715 50010719         3.00142149
50010715 50010701         1.78637666
50010715 50010704         1.92763329
50010704 50010718         2.37675268
50010704 50010703         2.18134082
50010704 50010701         1.77913821
50010704 50010715         1.92763329
50010701 50010702         2.81883762
50010701 50010715         1.78637666
50010701 50010703         2.02594938
50010701 50010704         1.77913821
50010702 50010704         4.59419315
50010702 50010715         4.00855289
50010702 50010703         3.88910145
50010702 50010701         2.81883762
50010717 50010715         4.33892403
50010717 50010704          3.6152193
50010717 50010718         2.46845836
50010717 50010719         1.62925417
50010719 50010718          3.0727908
50010719 50010715         3.00142149
50010719 50010717         1.62925417
50010719 50010704          2.9711917
50010712 50010711         12.8930528
50010712 50010710         10.8284702
50010712 50010714         7.33085785
50010712 50010713         5.85174908
50010713 50010711         12.4603873
50010713 50010710          11.920138
50010713 50010712         5.85174908
50010713 50010714         6.42296986
